 0.00276112556458 1 
 0.000514984130859 2 
 0.000324964523315 3 
 0.000326156616211 4 
 0.000306844711304 5 
 0.00032901763916 6 
 0.000349044799805 7 
 0.00031304359436 8 
 0.00032901763916 9 
 0.000332117080688 10 
 0.000586986541748 11 
 0.000373125076294 12 
 0.000466823577881 13 
 0.0003981590271 14 
 0.000375986099243 15 
 0.000350952148438 16 
 0.000427961349487 17 
 0.000399112701416 18 
 0.000388860702515 19 
 0.000391006469727 20 
 0.000427007675171 21 
 0.000387907028198 22 
 0.000436067581177 23 
 0.000494956970215 24 
 0.00194811820984 25 
 0.000205039978027 26 
 0.000210046768188 27 
 0.000187873840332 28 
 0.000224113464355 29 
 0.000204086303711 30 
 0.000194072723389 31 
 0.00019097328186 32 
 0.000236988067627 33 
 0.000253915786743 34 
 0.000276803970337 35 
 0.000266790390015 36 
 0.00032901763916 37 
 0.000301122665405 38 
 0.000308036804199 39 
 0.000303983688354 40 
 0.000616073608398 41 
 0.000302076339722 42 
 0.000316143035889 43 
 0.000348091125488 44 
 0.000355005264282 45 
 0.000524997711182 46 
 0.000373840332031 47 
 0.000382900238037 48 
 0.000357151031494 49 
 0.000355005264282 50 
 0.000375986099243 51 
 0.00040602684021 52 
 0.000439167022705 53 
 0.000382900238037 54 
 0.000473976135254 55 
 0.000406980514526 56 
 0.00042200088501 57 
 0.000458002090454 58 
 0.000444889068604 59 
 0.000487089157104 60 
 0.000560998916626 61 
 0.000476837158203 62 
 0.000529050827026 63 
 0.000534057617188 64 
 0.00124597549438 65 
 0.000352144241333 66 
 0.000363826751709 67 
 0.000409126281738 68 
 0.000347852706909 69 
 0.000371217727661 70 
 0.000380039215088 71 
 0.000365972518921 72 
 0.000365018844604 73 
 0.0003821849823 74 
 0.000356912612915 75 
 0.000380039215088 76 
 0.000411987304688 77 
 0.000447988510132 78 
 0.000448942184448 79 
 0.000396013259888 80 
 0.000427007675171 81 
 0.000411033630371 82 
 0.000437021255493 83 
 0.000609874725342 84 
 0.000490188598633 85 
 0.000511884689331 86 
 0.000457048416138 87 
 0.000463008880615 88 
 0.000488996505737 89 
 0.000543117523193 90 
 0.000572919845581 91 
 0.00049090385437 92 
 0.000571012496948 93 
 0.000483989715576 94 
 0.000611782073975 95 
 0.000527858734131 96 
 0.000553131103516 97 
 0.000548839569092 98 
 0.00058388710022 99 
 0.000569105148315 100 
 0.000752925872803 101 
 0.000585079193115 102 
 0.000596046447754 103 
 0.000595092773438 104 
 0.000688076019287 105 
 0.00059700012207 106 
 0.000625133514404 107 
 0.000797986984253 108 
 0.000661134719849 109 
 0.000653982162476 110 
 0.000907182693481 111 
 0.000665903091431 112 
 0.000708103179932 113 
 0.000715970993042 114 
 0.000704050064087 115 
 0.000741004943848 116 
 0.000785112380981 117 
 0.000720977783203 118 
 0.000718116760254 119 
 0.000745058059692 120 
 0.000761032104492 121 
 0.000773906707764 122 
 0.000953912734985 123 
 0.000768184661865 124 
 0.000998020172119 125 
 0.00078010559082 126 
 0.000792026519775 127 
 0.000861883163452 128 
 0.000815868377686 129 
 0.000808954238892 130 
 0.00085711479187 131 
 0.000818967819214 132 
 0.000856161117554 133 
 0.000856161117554 134 
 0.000874042510986 135 
 0.000887155532837 136 
 0.00100207328796 137 
 0.00085711479187 138 
 0.000837087631226 139 
 0.00108599662781 140 
 0.000983953475952 141 
 0.000925064086914 142 
 0.000946044921875 143 
 0.000956058502197 144 
 0.00101089477539 145 
 0.00092601776123 146 
 0.00100708007812 147 
 0.0010302066803 148 
 0.00106596946716 149 
 0.00112295150757 150 
 0.00106692314148 151 
 0.00110197067261 152 
 0.00109481811523 153 
 0.00131797790527 154 
 0.00144600868225 155 
 0.00111508369446 156 
 0.00114798545837 157 
 0.00118088722229 158 
 0.00117087364197 159 
 0.00117301940918 160 
 0.0011990070343 161 
 0.00121593475342 162 
 0.00121784210205 163 
 0.00123500823975 164 
 0.00203704833984 165 
 0.00125217437744 166 
 0.00127792358398 167 
 0.00126910209656 168 
 0.00134706497192 169 
 0.00135207176208 170 
 0.00135803222656 171 
 0.00136208534241 172 
 0.00140500068665 173 
 0.00138998031616 174 
 0.00142192840576 175 
 0.00143313407898 176 
 0.0014431476593 177 
 0.00150203704834 178 
 0.0014340877533 179 
 0.00149202346802 180 
 0.00152897834778 181 
 0.00154304504395 182 
 0.0015230178833 183 
 0.00154089927673 184 
 0.00156188011169 185 
 0.00166893005371 186 
 0.00175189971924 187 
 0.00158882141113 188 
 0.00164198875427 189 
 0.00161600112915 190 
 0.00212693214417 191 
 0.00171399116516 192 
 0.00169801712036 193 
 0.00189399719238 194 
 0.00179004669189 195 
 0.00190305709839 196 
 0.00174808502197 197 
 0.00176692008972 198 
 0.00177192687988 199 
 0.00181293487549 200 
 0.00180983543396 201 
 0.00183701515198 202 
 0.00185084342957 203 
 0.00185108184814 204 
 0.00200414657593 205 
 0.00190114974976 206 
 0.00190496444702 207 
 0.00191402435303 208 
 0.00192999839783 209 
 0.00207090377808 210 
 0.00194191932678 211 
 0.00196003913879 212 
 0.00196599960327 213 
 0.00199389457703 214 
 0.00200510025024 215 
 0.00201892852783 216 
 0.00205087661743 217 
 0.0020899772644 218 
 0.00231003761292 219 
 0.00213289260864 220 
 0.0023410320282 221 
 0.00223398208618 222 
 0.00235915184021 223 
 0.00219988822937 224 
 0.00279903411865 225 
 0.00290107727051 226 
 0.00245594978333 227 
 0.00246000289917 228 
 0.00248193740845 229 
 0.00279307365417 230 
 0.00307297706604 231 
 0.00251603126526 232 
 0.00257515907288 233 
 0.00265002250671 234 
 0.00262999534607 235 
 0.0026421546936 236 
 0.00263500213623 237 
 0.00262594223022 238 
 0.00264692306519 239 
 0.00275015830994 240 
 0.00288319587708 241 
 0.00275301933289 242 
 0.0028018951416 243 
 0.00584006309509 244 
 0.0031590461731 245 
 0.00291204452515 246 
 0.00694298744202 247 
 0.00292897224426 248 
 0.00290107727051 249 
 0.00291180610657 250 
 0.00293493270874 251 
 0.00304102897644 252 
 0.00305581092834 253 
 0.00300407409668 254 
 0.00310397148132 255 
 0.00326013565063 256 
 0.00309801101685 257 
 0.00311994552612 258 
 0.00310802459717 259 
 0.00325798988342 260 
 0.00315594673157 261 
 0.00314092636108 262 
 0.0032320022583 263 
 0.00319218635559 264 
 0.00338101387024 265 
 0.00349283218384 266 
 0.00342106819153 267 
 0.00345396995544 268 
 0.00352001190186 269 
 0.00437092781067 270 
 0.00349617004395 271 
 0.00350594520569 272 
 0.00371694564819 273 
 0.00363516807556 274 
 0.00357294082642 275 
 0.00358510017395 276 
 0.0039279460907 277 
 0.00368118286133 278 
 0.00394082069397 279 
 0.00369596481323 280 
 0.00372695922852 281 
 0.00376391410828 282 
 0.00384497642517 283 
 0.00377702713013 284 
 0.00380301475525 285 
 0.00383496284485 286 
 0.00386905670166 287 
 0.00393009185791 288 
 0.00391697883606 289 
 0.00410413742065 290 
 0.00402188301086 291 
 0.00399613380432 292 
 0.0040488243103 293 
 0.00399518013 294 
 0.00405693054199 295 
 0.00503492355347 296 
 0.0041401386261 297 
 0.00413990020752 298 
 0.00415897369385 299 
 0.00449800491333 300 
 0.00525403022766 301 
 0.00426197052002 302 
 0.00432777404785 303 
 0.00444197654724 304 
 0.00438594818115 305 
 0.00431108474731 306 
 0.00434708595276 307 
 0.00449705123901 308 
 0.00447511672974 309 
 0.00438690185547 310 
 0.0044481754303 311 
 0.00446081161499 312 
 0.00452208518982 313 
 0.00457096099854 314 
 0.00516510009766 315 
 0.00460290908813 316 
 0.00460886955261 317 
 0.00478410720825 318 
 0.00473189353943 319 
 0.00489687919617 320 
 0.00529813766479 321 
 0.0047299861908 322 
 0.00480389595032 323 
 0.00481009483337 324 
 0.00509715080261 325 
 0.00486397743225 326 
 0.00486993789673 327 
 0.0049250125885 328 
 0.00503301620483 329 
 0.00498700141907 330 
 0.00520801544189 331 
 0.00503206253052 332 
 0.00519990921021 333 
 0.00505805015564 334 
 0.00515985488892 335 
 0.00517582893372 336 
 0.00523209571838 337 
 0.00551104545593 338 
 0.00539302825928 339 
 0.00529909133911 340 
 0.00548601150513 341 
 0.00551605224609 342 
 0.00539588928223 343 
 0.00540995597839 344 
 0.00556707382202 345 
 0.00541305541992 346 
 0.00545501708984 347 
 0.00554895401001 348 
 0.0056049823761 349 
 0.00931882858276 350 
 0.00591897964478 351 
 0.00585007667542 352 
 0.00585508346558 353 
 0.00584888458252 354 
 0.00578594207764 355 
 0.005854845047 356 
 0.00637078285217 357 
 0.00586009025574 358 
 0.00582504272461 359 
 0.0061821937561 360 
 0.00613808631897 361 
 0.00612092018127 362 
 0.0061891078949 363 
 0.00606489181519 364 
 0.00644183158875 365 
 0.00613594055176 366 
 0.00610995292664 367 
 0.0061981678009 368 
 0.00735902786255 369 
 0.00636601448059 370 
 0.00639390945435 371 
 0.00646710395813 372 
 0.00654816627502 373 
 0.00639700889587 374 
 0.00672698020935 375 
 0.00657296180725 376 
 0.00659489631653 377 
 0.00650000572205 378 
 0.00655794143677 379 
 0.00673818588257 380 
 0.00701498985291 381 
 0.00722289085388 382 
 0.00667381286621 383 
 0.00709795951843 384 
 0.00687003135681 385 
 0.00683903694153 386 
 0.00693297386169 387 
 0.00692296028137 388 
 0.00695514678955 389 
 0.00720596313477 390 
 0.00739312171936 391 
 0.00700807571411 392 
 0.00713920593262 393 
 0.00704097747803 394 
 0.00721216201782 395 
 0.00710296630859 396 
 0.00713896751404 397 
 0.00717997550964 398 
 0.00726985931396 399 
 0.00768709182739 400 
 0.00755405426025 401 
 0.00756001472473 402 
 0.00881886482239 403 
 0.00745415687561 404 
 0.00805902481079 405 
 0.00770998001099 406 
 0.00748896598816 407 
 0.00765109062195 408 
 0.00769901275635 409 
 0.00787401199341 410 
 0.0076539516449 411 
 0.00785112380981 412 
 0.00779294967651 413 
 0.00785207748413 414 
 0.00799512863159 415 
 0.00836110115051 416 
 0.00799703598022 417 
 0.00824499130249 418 
 0.00821185112 419 
 0.0100219249725 420 
 0.00821614265442 421 
 0.00820899009705 422 
 0.00861191749573 423 
 0.00819611549377 424 
 0.00836300849915 425 
 0.0103259086609 426 
 0.0118079185486 427 
 0.00860190391541 428 
 0.00835204124451 429 
 0.00851798057556 430 
 0.00863289833069 431 
 0.00852680206299 432 
 0.00869297981262 433 
 0.00867199897766 434 
 0.00886988639832 435 
 0.00884890556335 436 
 0.00875806808472 437 
 0.00882482528687 438 
 0.00895500183105 439 
 0.00875997543335 440 
 0.00884199142456 441 
 0.00913286209106 442 
 0.00891613960266 443 
 0.00911808013916 444 
 0.00915789604187 445 
 0.0091860294342 446 
 0.00962805747986 447 
 0.0094940662384 448 
 0.0093719959259 449 
 0.0102431774139 450 
 0.00924110412598 451 
 0.0101199150085 452 
 0.009526014328 453 
 0.00940895080566 454 
 0.00995898246765 455 
 0.00947904586792 456 
 0.0108110904694 457 
 0.00971698760986 458 
 0.010360956192 459 
 0.00992584228516 460 
 0.00977611541748 461 
 0.00999712944031 462 
 0.0100440979004 463 
 0.00992488861084 464 
 0.00999999046326 465 
 0.0107960700989 466 
 0.0102939605713 467 
 0.0102999210358 468 
 0.0124781131744 469 
 0.0108170509338 470 
 0.0102331638336 471 
 0.0100660324097 472 
 0.0106909275055 473 
 0.0103738307953 474 
 0.0108840465546 475 
 0.0105209350586 476 
 0.0104842185974 477 
 0.0110502243042 478 
 0.0105540752411 479 
 0.0111768245697 480 
 0.010684967041 481 
 0.0110249519348 482 
 0.0109250545502 483 
 0.0109519958496 484 
 0.0113890171051 485 
 0.011684179306 486 
 0.0111639499664 487 
 0.0110940933228 488 
 0.0112020969391 489 
 0.0133919715881 490 
 0.0114729404449 491 
 0.0113301277161 492 
 0.0113070011139 493 
 0.011922121048 494 
 0.0111920833588 495 
 0.0115211009979 496 
 0.0116291046143 497 
 0.011617898941 498 
 0.0117018222809 499 
 0.0116147994995 500 
 0.0117001533508 501 
 0.0118129253387 502 
 0.0121071338654 503 
 0.0117709636688 504 
 0.0125858783722 505 
 0.0119779109955 506 
 0.0124480724335 507 
 0.0120630264282 508 
 0.0121989250183 509 
 0.0120561122894 510 
 0.0124180316925 511 
