1 0.05 0.0499792 1.38836e-16
2 0.1 0.0998334 1.39009e-16
3 0.15 0.149438 1.85733e-16
4 0.2 0.198669 1.39707e-16
5 0.25 0.247404 0
6 0.3 0.29552 0
7 0.35 0.342898 1.61888e-16
8 0.4 0.389418 1.42549e-16
9 0.45 0.434966 1.27622e-16
10 0.5 0.479426 0
11 0.55 0.522687 0
12 0.6 0.564642 0
13 0.65 0.605186 1.83451e-16
14 0.7 0.644218 0
15 0.75 0.681639 0
16 0.8 0.717356 1.54766e-16
17 0.85 0.75128 0
18 0.9 0.783327 1.41732e-16
19 0.95 0.813416 0
20 1 0.841471 0
21 1.05 0.867423 1.27991e-16
22 1.1 0.891207 1.24575e-16
23 1.15 0.912764 1.21633e-16
24 1.2 0.932039 1.19118e-16
25 1.25 0.948985 1.16991e-16
26 1.3 0.963558 0
27 1.35 0.975723 1.13785e-16
28 1.4 0.98545 0
29 1.45 0.992713 0
30 1.5 0.997495 1.11301e-16
31 1.55 0.999784 0
32 1.6 0.999574 0
33 1.65 0.996865 1.11371e-16
34 1.7 0.991665 1.11955e-16
35 1.75 0.983986 1.12829e-16
36 1.8 0.973848 0
37 1.85 0.961275 1.15495e-16
38 1.9 0.9463 2.34645e-16
39 1.95 0.92896 1.19513e-16
40 2 0.909297 0
41 2.05 0.887362 0
42 2.1 0.863209 1.28616e-16
43 2.15 0.836899 0
44 2.2 0.808496 0
45 2.25 0.778073 1.42689e-16
46 2.3 0.745705 1.48882e-16
47 2.35 0.711473 0
48 2.4 0.675463 3.28729e-16
49 2.45 0.637765 3.48161e-16
50 2.5 0.598472 0
51 2.55 0.557684 3.98155e-16
52 2.6 0.515501 4.30735e-16
53 2.65 0.472031 2.35202e-16
54 2.7 0.42738 0
55 2.75 0.381661 2.90892e-16
56 2.8 0.334988 0
57 2.85 0.287478 1.93097e-16
58 2.9 0.239249 4.64044e-16
59 2.95 0.190423 2.91515e-16
60 3 0.14112 5.90042e-16
61 3.05 0.0914646 2.57938e-15
62 3.1 0.0415807 6.0076e-15
63 3.15 -0.00840725 2.06337e-14
64 3.2 -0.0583741 7.13216e-16
65 3.25 -0.108195 1.5392e-15
66 3.3 -0.157746 1.93547e-15
67 3.35 -0.206902 9.39039e-16
68 3.4 -0.255541 6.5169e-16
69 3.45 -0.303542 5.48635e-16
70 3.5 -0.350783 0
71 3.55 -0.397148 4.19323e-16
72 3.6 -0.44252 2.50886e-16
73 3.65 -0.486787 6.84215e-16
74 3.7 -0.529836 4.19082e-16
75 3.75 -0.571561 1.94244e-16
76 3.8 -0.611858 5.44353e-16
77 3.85 -0.650625 6.82558e-16
78 3.9 -0.687766 0
79 3.95 -0.723188 7.67589e-16
80 4 -0.756802 1.46699e-16
81 4.05 -0.788525 1.40797e-16
82 4.1 -0.818277 2.71356e-16
83 4.15 -0.845984 1.18111e-15
84 4.2 -0.871576 1.52857e-15
85 4.25 -0.894989 6.20244e-16
86 4.3 -0.916166 7.27089e-16
87 4.35 -0.935053 8.31136e-16
88 4.4 -0.951602 1.16669e-15
89 4.45 -0.965773 1.03461e-15
90 4.5 -0.97753 1.13574e-15
91 4.55 -0.986844 4.5001e-16
92 4.6 -0.993691 1.11727e-15
93 4.65 -0.998054 7.78671e-16
94 4.7 -0.999923 5.55154e-16
95 4.75 -0.999293 1.22211e-15
96 4.8 -0.996165 1.89465e-15
97 4.85 -0.990547 1.34498e-15
98 4.9 -0.982453 1.24306e-15
99 4.95 -0.971903 3.42696e-16
100 5 -0.958924 1.96823e-15
101 5.05 -0.943549 1.52964e-15
102 5.1 -0.925815 1.19918e-16
103 5.15 -0.905767 3.43204e-15
104 5.2 -0.883455 3.64438e-15
105 5.25 -0.858934 2.19735e-15
106 5.3 -0.832267 1.73417e-15
107 5.35 -0.80352 5.5268e-16
108 5.4 -0.772764 8.62014e-16
109 5.45 -0.740077 2.85027e-15
110 5.5 -0.70554 6.29431e-16
111 5.55 -0.66924 7.96287e-15
112 5.6 -0.631267 1.9346e-15
113 5.65 -0.591716 7.50511e-16
114 5.7 -0.550686 3.22572e-15
115 5.75 -0.508279 4.36856e-15
116 5.8 -0.464602 5.0182e-15
117 5.85 -0.419764 6.61219e-16
118 5.9 -0.373877 1.1878e-15
119 5.95 -0.327055 1.12022e-14
120 6 -0.279415 7.54942e-15
121 6.05 -0.231078 3.36318e-15
122 6.1 -0.182163 1.82841e-15
123 6.15 -0.132792 4.59834e-15
124 6.2 -0.0830894 1.18586e-14
125 6.25 -0.0331792 1.9303e-13
126 6.3 0.0168139 8.10932e-14
127 6.35 0.066765 3.01397e-14
128 6.4 0.116549 8.33506e-15
129 6.45 0.166042 5.70015e-14
130 6.5 0.21512 2.7095e-15
131 6.55 0.26366 4.63189e-15
132 6.6 0.311541 1.47891e-14
133 6.65 0.358644 5.72689e-15
134 6.7 0.40485 3.96263e-14
135 6.75 0.450044 2.5656e-14
136 6.8 0.494113 2.88727e-14
137 6.85 0.536948 1.42668e-14
138 6.9 0.57844 1.55467e-14
139 6.95 0.618486 9.87286e-15
140 7 0.656987 1.13221e-14
141 7.05 0.693845 5.44035e-15
142 7.1 0.728969 3.04601e-15
143 7.15 0.762271 1.80602e-14
144 7.2 0.793668 1.67862e-15
145 7.25 0.823081 0
146 7.3 0.850437 6.65792e-15
147 7.35 0.875667 9.88931e-15
148 7.4 0.898708 1.59361e-14
149 7.45 0.919503 1.43683e-14
150 7.5 0.938 2.21334e-14
151 7.55 0.954152 3.02528e-15
152 7.6 0.96792 2.39727e-14
153 7.65 0.979268 3.06106e-15
154 7.7 0.988168 2.61779e-14
155 7.75 0.994599 1.59624e-14
156 7.8 0.998543 6.44869e-15
157 7.85 0.999992 6.55037e-15
158 7.9 0.998941 8.00208e-15
159 7.95 0.995394 8.47674e-15
160 8 0.989358 1.45881e-15
161 8.05 0.98085 8.14967e-15
162 8.1 0.96989 8.4707e-15
163 8.15 0.956506 1.72945e-14
164 8.2 0.940731 5.14555e-14
165 8.25 0.922604 7.54505e-14
166 8.3 0.902172 5.31624e-14
167 8.35 0.879484 2.80243e-14
168 8.4 0.854599 6.79438e-14
169 8.45 0.827577 1.52935e-14
170 8.5 0.798487 1.80753e-15
171 8.55 0.767401 4.28232e-14
172 8.6 0.734397 9.75077e-14
173 8.65 0.699557 2.26946e-14
174 8.7 0.662969 9.26066e-14
175 8.75 0.624724 1.33819e-13
176 8.8 0.584917 1.13506e-13
177 8.85 0.543648 2.96115e-14
178 8.9 0.501021 9.30687e-14
179 8.95 0.457141 5.58583e-14
180 9 0.412118 3.77152e-14
181 9.05 0.366066 2.2898e-14
182 9.1 0.319098 4.16292e-13
183 9.15 0.271333 1.74308e-13
184 9.2 0.22289 2.06962e-13
185 9.25 0.173889 5.93293e-13
186 9.3 0.124454 1.37379e-13
187 9.35 0.0747083 2.12305e-12
188 9.4 0.0247754 2.48087e-12
189 9.45 -0.0252194 8.33128e-13
190 9.5 -0.0751511 7.78917e-13
191 9.55 -0.124895 7.33807e-13
192 9.6 -0.174327 4.08388e-13
193 9.65 -0.223323 1.39572e-13
194 9.7 -0.271761 7.44545e-13
195 9.75 -0.319519 1.71127e-13
196 9.8 -0.366479 1.89794e-13
197 9.85 -0.412523 8.46414e-14
198 9.9 -0.457536 2.72984e-14
199 9.95 -0.501405 2.12123e-13
200 10 -0.544021 6.79577e-14
201 10.05 -0.585277 8.93448e-14
202 10.1 -0.625071 1.25752e-13
203 10.15 -0.663302 7.76635e-14
204 10.2 -0.699875 4.25292e-13
205 10.25 -0.734698 1.18472e-13
206 10.3 -0.767686 1.98129e-14
207 10.35 -0.798754 3.22467e-14
208 10.4 -0.827826 5.74406e-13
209 10.45 -0.854829 3.14431e-13
210 10.5 -0.879696 1.66591e-13
211 10.55 -0.902363 9.10459e-15
212 10.6 -0.922775 1.10207e-13
213 10.65 -0.940881 1.49622e-13
214 10.7 -0.956635 2.11568e-13
215 10.75 -0.969998 1.31167e-13
216 10.8 -0.980936 1.79277e-13
217 10.85 -0.989423 2.77381e-13
218 10.9 -0.995436 4.78915e-13
219 10.95 -0.998962 6.68049e-13
220 11 -0.99999 6.33166e-13
221 11.05 -0.998519 1.90463e-13
222 11.1 -0.994553 7.30063e-14
223 11.15 -0.9881 6.18875e-13
224 11.2 -0.979178 7.6613e-13
225 11.25 -0.967808 3.13287e-13
226 11.3 -0.954019 4.20689e-13
227 11.35 -0.937846 1.6076e-13
228 11.4 -0.919329 6.53457e-13
229 11.45 -0.898513 3.46592e-13
230 11.5 -0.875452 6.37129e-13
231 11.55 -0.850203 5.70518e-13
232 11.6 -0.822829 6.51296e-13
233 11.65 -0.793398 3.44514e-13
234 11.7 -0.761984 1.48659e-12
235 11.75 -0.728665 1.58763e-13
236 11.8 -0.693525 1.44556e-12
237 11.85 -0.656652 1.66875e-13
238 11.9 -0.618137 1.374e-13
239 11.95 -0.578077 2.65726e-12
240 12 -0.536573 6.31903e-13
241 12.05 -0.493727 4.37993e-12
242 12.1 -0.449647 6.68755e-13
243 12.15 -0.404444 3.5926e-12
244 12.2 -0.358229 4.54823e-12
245 12.25 -0.311119 4.19493e-12
246 12.3 -0.263232 6.24678e-12
247 12.35 -0.214686 1.8723e-12
248 12.4 -0.165604 5.56355e-12
249 12.45 -0.116108 2.19273e-11
250 12.5 -0.0663219 1.3996e-11
251 12.55 -0.0163699 5.75814e-11
252 12.6 0.033623 1.54415e-11
253 12.65 0.0835319 2.847e-11
254 12.7 0.133232 2.26054e-12
255 12.75 0.182599 3.79673e-12
256 12.8 0.23151 2.7083e-12
257 12.85 0.279842 2.13997e-12
258 12.9 0.327474 1.75242e-12
259 12.95 0.374289 1.63943e-12
260 13 0.420167 2.98637e-12
261 13.05 0.464995 5.99598e-12
262 13.1 0.508661 6.61339e-14
263 13.15 0.551056 3.32247e-12
264 13.2 0.592074 7.22493e-13
265 13.25 0.631611 1.11143e-12
266 13.3 0.66957 3.038e-12
267 13.35 0.705855 5.21409e-12
268 13.4 0.740376 4.81442e-12
269 13.45 0.773046 5.67889e-12
270 13.5 0.803784 3.70063e-12
271 13.55 0.832514 1.04073e-12
272 13.6 0.859162 7.82489e-12
273 13.65 0.883663 6.79228e-12
274 13.7 0.905955 6.49427e-12
275 13.75 0.925982 1.11432e-12
276 13.8 0.943696 1.50752e-12
277 13.85 0.95905 6.31046e-12
278 13.9 0.972008 3.27924e-13
279 13.95 0.982535 4.17994e-12
280 14 0.990607 5.84292e-12
281 14.05 0.996203 1.02237e-11
282 14.1 0.999309 4.61061e-14
283 14.15 0.999918 4.37997e-12
284 14.2 0.998027 1.72425e-13
285 14.25 0.993641 3.88305e-12
286 14.3 0.986772 6.94494e-12
287 14.35 0.977436 9.68382e-12
288 14.4 0.965658 1.40363e-11
289 14.45 0.951466 1.51023e-11
290 14.5 0.934895 4.88042e-12
291 14.55 0.915988 2.31259e-12
292 14.6 0.894791 4.12181e-12
293 14.65 0.871358 7.90088e-12
294 14.7 0.845747 5.05985e-12
295 14.75 0.818022 1.82278e-11
296 14.8 0.788252 2.61901e-11
297 14.85 0.756512 9.43462e-12
298 14.9 0.722881 3.06466e-11
299 14.95 0.687444 3.63836e-11
300 15 0.650288 4.22605e-11
301 15.05 0.611507 3.17419e-11
302 15.1 0.571197 4.18513e-12
303 15.15 0.529459 2.6652e-11
304 15.2 0.486399 1.71892e-11
305 15.25 0.442122 4.88454e-11
306 15.3 0.396741 1.70546e-11
307 15.35 0.350367 1.52315e-11
308 15.4 0.303118 9.59506e-11
309 15.45 0.255112 1.5379e-11
310 15.5 0.206467 1.53127e-10
311 15.55 0.157307 1.63285e-10
312 15.6 0.107754 5.06021e-10
313 15.65 0.0579308 4.50907e-10
314 15.7 0.00796318 4.15059e-09
315 15.75 -0.0420244 5.42253e-10
316 15.8 -0.0919069 7.84825e-11
317 15.85 -0.14156 3.2038e-10
318 15.9 -0.190859 2.3415e-10
319 15.95 -0.23968 1.0504e-10
320 16 -0.287903 2.34527e-10
321 16.05 -0.335407 1.31996e-10
322 16.1 -0.382071 1.64795e-11
323 16.15 -0.427781 8.35987e-11
324 16.2 -0.472422 1.70273e-10
325 16.25 -0.515882 2.43278e-11
326 16.3 -0.558052 3.96038e-11
327 16.35 -0.598828 8.7964e-11
328 16.4 -0.638107 2.00315e-10
329 16.45 -0.675791 7.0175e-11
330 16.5 -0.711785 2.72968e-11
331 16.55 -0.746001 1.61763e-10
332 16.6 -0.778352 1.77358e-10
333 16.65 -0.808758 2.93791e-11
334 16.7 -0.837142 1.39616e-10
335 16.75 -0.863433 4.48185e-11
336 16.8 -0.887567 7.16718e-11
337 16.85 -0.909482 1.67116e-10
338 16.9 -0.929124 5.39597e-11
339 16.95 -0.946444 3.17571e-11
340 17 -0.961397 1.24845e-10
341 17.05 -0.973948 4.39507e-12
342 17.1 -0.984065 3.17439e-10
343 17.15 -0.991722 1.42055e-11
344 17.2 -0.9969 2.46131e-11
345 17.25 -0.999586 1.74776e-10
346 17.3 -0.999774 5.69068e-11
347 17.35 -0.997463 1.53067e-10
348 17.4 -0.992659 1.19088e-10
349 17.45 -0.985374 1.0624e-10
350 17.5 -0.975626 1.57658e-10
351 17.55 -0.963439 1.49083e-10
352 17.6 -0.948844 2.76439e-10
353 17.65 -0.931878 5.10215e-10
354 17.7 -0.912582 2.01865e-10
355 17.75 -0.891006 1.24647e-11
356 17.8 -0.867202 3.43165e-10
357 17.85 -0.841231 2.50725e-11
358 17.9 -0.813157 3.46978e-11
359 17.95 -0.783051 3.83797e-10
360 18 -0.750987 1.60939e-10
361 18.05 -0.717047 5.96589e-10
362 18.1 -0.681314 5.35248e-10
363 18.15 -0.643878 7.43058e-11
364 18.2 -0.604833 2.7457e-10
365 18.25 -0.564276 6.73016e-10
366 18.3 -0.522309 3.92655e-10
367 18.35 -0.479036 2.36104e-09
368 18.4 -0.434566 6.10064e-10
369 18.45 -0.389009 6.72526e-10
370 18.5 -0.342481 1.68501e-09
371 18.55 -0.295096 3.70731e-09
372 18.6 -0.246974 6.94489e-10
373 18.65 -0.198234 4.97521e-09
374 18.7 -0.148999 3.7291e-09
375 18.75 -0.0993915 1.47091e-09
376 18.8 -0.0495356 7.81488e-09
377 18.85 0.000444079 2.06228e-06
378 18.9 0.0504227 2.70899e-08
379 18.95 0.100275 4.68906e-09
380 19 0.149877 1.74754e-09
381 19.05 0.199105 4.50136e-09
382 19.1 0.247834 3.47443e-09
383 19.15 0.295944 7.61657e-10
384 19.2 0.343315 4.50101e-10
385 19.25 0.389827 1.18906e-09
386 19.3 0.435365 3.36338e-09
387 19.35 0.479815 4.90727e-09
388 19.4 0.523066 2.43888e-09
389 19.45 0.565009 1.13864e-09
390 19.5 0.60554 3.37988e-09
391 19.55 0.644557 2.2788e-09
392 19.6 0.681964 3.87296e-13
393 19.65 0.717665 1.31533e-09
394 19.7 0.751573 1.29758e-09
395 19.75 0.783603 6.73935e-10
396 19.8 0.813674 1.53959e-10
397 19.85 0.841711 6.51426e-09
398 19.9 0.867644 3.27925e-09
399 19.95 0.891409 2.32116e-09
400 20 0.912945 1.35601e-09
401 20.05 0.9322 3.38856e-09
402 20.1 0.949125 1.3206e-09
403 20.15 0.963677 4.18996e-09
404 20.2 0.975821 1.37431e-09
405 20.25 0.985525 3.0169e-09
406 20.3 0.992766 2.80202e-09
407 20.35 0.997526 2.03635e-09
408 20.4 0.999793 1.90106e-09
409 20.45 0.999561 7.80598e-09
410 20.5 0.99683 2.00934e-09
411 20.55 0.991607 2.34486e-09
412 20.6 0.983907 4.49675e-09
413 20.65 0.973747 5.91159e-09
414 20.7 0.961153 5.1466e-09
415 20.75 0.946156 6.69875e-09
416 20.8 0.928795 8.48065e-09
417 20.85 0.909113 8.27428e-09
418 20.9 0.887158 4.00558e-09
419 20.95 0.862985 4.42036e-09
420 21 0.836656 1.16692e-08
421 21.05 0.808235 5.45943e-09
422 21.1 0.777794 1.13881e-08
423 21.15 0.745409 1.57381e-08
424 21.2 0.711161 8.90008e-09
425 21.25 0.675136 1.2727e-08
426 21.3 0.637423 9.95326e-10
427 21.35 0.598116 3.44344e-09
428 21.4 0.557315 1.42598e-08
429 21.45 0.515121 1.1097e-08
430 21.5 0.471639 2.07209e-08
431 21.55 0.426978 1.59888e-08
432 21.6 0.381251 2.72234e-08
433 21.65 0.33457 2.20899e-08
434 21.7 0.287053 7.1526e-10
435 21.75 0.238818 8.67114e-08
436 21.8 0.189987 8.86881e-08
437 21.85 0.14068 1.30414e-07
438 21.9 0.0910225 3.72721e-07
439 21.95 0.0411369 6.41128e-07
440 22 -0.00885129 2.43719e-06
441 22.05 -0.0588175 2.38812e-07
442 22.1 -0.108637 7.91819e-08
443 22.15 -0.158184 5.77813e-08
444 22.2 -0.207336 5.74961e-08
445 22.25 -0.25597 6.32664e-08
446 22.3 -0.303965 9.36487e-08
447 22.35 -0.351199 7.02783e-08
448 22.4 -0.397556 1.25806e-07
449 22.45 -0.442919 5.79746e-08
450 22.5 -0.487175 5.18637e-08
451 22.55 -0.530213 6.66389e-08
452 22.6 -0.571926 4.57715e-08
453 22.65 -0.612209 1.61153e-07
454 22.7 -0.650962 1.11477e-07
455 22.75 -0.688089 7.61642e-08
456 22.8 -0.723495 1.22972e-07
457 22.85 -0.757093 2.16667e-08
458 22.9 -0.788798 2.72943e-08
459 22.95 -0.818532 3.35338e-08
460 23 -0.84622 2.95239e-08
461 23.05 -0.871793 2.65246e-08
462 23.1 -0.895187 5.04338e-08
463 23.15 -0.916344 1.84168e-08
464 23.2 -0.93521 1.63192e-09
465 23.25 -0.951738 2.71873e-08
466 23.3 -0.965888 4.38748e-09
467 23.35 -0.977624 1.13807e-07
468 23.4 -0.986915 1.2042e-07
469 23.45 -0.993741 1.85652e-09
470 23.5 -0.998082 1.10698e-07
471 23.55 -0.999929 4.67741e-08
472 23.6 -0.999276 1.59169e-10
473 23.65 -0.996126 9.31127e-08
474 23.7 -0.990486 1.01711e-07
475 23.75 -0.98237 1.1614e-07
476 23.8 -0.971799 1.12956e-07
477 23.85 -0.958798 3.74776e-08
478 23.9 -0.943401 1.12922e-08
479 23.95 -0.925647 1.04216e-07
480 24 -0.905578 2.61353e-07
481 24.05 -0.883246 1.51022e-07
482 24.1 -0.858707 1.01407e-07
483 24.15 -0.832021 1.74788e-07
484 24.2 -0.803256 1.13228e-08
485 24.25 -0.772483 2.81721e-07
486 24.3 -0.739779 9.58485e-08
487 24.35 -0.705225 1.94487e-07
488 24.4 -0.66891 1.57974e-08
489 24.45 -0.630922 2.89236e-07
490 24.5 -0.591358 5.3923e-07
491 24.55 -0.550315 6.41983e-08
492 24.6 -0.507897 1.9352e-07
493 24.65 -0.464209 1.5118e-07
494 24.7 -0.419361 2.2405e-07
495 24.75 -0.373465 1.11377e-06
496 24.8 -0.326635 4.23184e-07
497 24.85 -0.278989 1.96977e-06
498 24.9 -0.230645 9.91091e-07
499 24.95 -0.181726 2.30669e-06
500 25 -0.132352 1.43778e-06
