0.05 0.0499792
0.1 0.0998334
0.15 0.149438
0.2 0.198669
0.25 0.247404
0.3 0.29552
0.35 0.342898
0.4 0.389418
0.45 0.434966
0.5 0.479426
0.55 0.522687
0.6 0.564642
0.65 0.605186
0.7 0.644218
0.75 0.681639
0.8 0.717356
0.85 0.75128
0.9 0.783327
0.95 0.813416
1 0.841471
1.05 0.867423
1.1 0.891207
1.15 0.912764
1.2 0.932039
1.25 0.948985
1.3 0.963558
1.35 0.975723
1.4 0.98545
1.45 0.992713
1.5 0.997495
1.55 0.999784
1.6 0.999574
1.65 0.996865
1.7 0.991665
1.75 0.983986
1.8 0.973848
1.85 0.961275
1.9 0.9463
1.95 0.92896
2 0.909297
2.05 0.887362
2.1 0.863209
2.15 0.836899
2.2 0.808496
2.25 0.778073
2.3 0.745705
2.35 0.711473
2.4 0.675463
2.45 0.637765
2.5 0.598472
2.55 0.557684
2.6 0.515501
2.65 0.472031
2.7 0.42738
2.75 0.381661
2.8 0.334988
2.85 0.287478
2.9 0.239249
2.95 0.190423
3 0.14112
3.05 0.0914646
3.1 0.0415807
3.15 -0.00840725
3.2 -0.0583741
3.25 -0.108195
3.3 -0.157746
3.35 -0.206902
3.4 -0.255541
3.45 -0.303542
3.5 -0.350783
3.55 -0.397148
3.6 -0.44252
3.65 -0.486787
3.7 -0.529836
3.75 -0.571561
3.8 -0.611858
3.85 -0.650625
3.9 -0.687766
3.95 -0.723188
4 -0.756802
4.05 -0.788525
4.1 -0.818277
4.15 -0.845984
4.2 -0.871576
4.25 -0.894989
4.3 -0.916166
4.35 -0.935053
4.4 -0.951602
4.45 -0.965773
4.5 -0.97753
4.55 -0.986844
4.6 -0.993691
4.65 -0.998054
4.7 -0.999923
4.75 -0.999293
4.8 -0.996165
4.85 -0.990547
4.9 -0.982453
4.95 -0.971903
5 -0.958924
5.05 -0.943549
5.1 -0.925815
5.15 -0.905767
5.2 -0.883455
5.25 -0.858934
5.3 -0.832267
5.35 -0.80352
5.4 -0.772764
5.45 -0.740077
5.5 -0.70554
5.55 -0.66924
5.6 -0.631267
5.65 -0.591716
5.7 -0.550686
5.75 -0.508279
5.8 -0.464602
5.85 -0.419764
5.9 -0.373877
5.95 -0.327055
6 -0.279415
6.05 -0.231078
6.1 -0.182163
6.15 -0.132792
6.2 -0.0830894
6.25 -0.0331792
6.3 0.0168139
6.35 0.066765
6.4 0.116549
6.45 0.166042
6.5 0.21512
6.55 0.26366
6.6 0.311541
6.65 0.358644
6.7 0.40485
6.75 0.450044
6.8 0.494113
6.85 0.536948
6.9 0.57844
6.95 0.618486
7 0.656987
7.05 0.693845
7.1 0.728969
7.15 0.762271
7.2 0.793668
7.25 0.823081
7.3 0.850437
7.35 0.875667
7.4 0.898708
7.45 0.919503
7.5 0.938
7.55 0.954152
7.6 0.96792
7.65 0.979268
7.7 0.988168
7.75 0.994599
7.8 0.998543
7.85 0.999992
7.9 0.998941
7.95 0.995394
8 0.989358
8.05 0.98085
8.1 0.96989
8.15 0.956506
8.2 0.940731
8.25 0.922604
8.3 0.902172
8.35 0.879484
8.4 0.854599
8.45 0.827577
8.5 0.798487
8.55 0.767401
8.6 0.734397
8.65 0.699557
8.7 0.662969
8.75 0.624724
8.8 0.584917
8.85 0.543648
8.9 0.501021
8.95 0.457141
9 0.412118
9.05 0.366066
9.1 0.319098
9.15 0.271333
9.2 0.22289
9.25 0.173889
9.3 0.124454
9.35 0.0747083
9.4 0.0247754
9.45 -0.0252194
9.5 -0.0751511
9.55 -0.124895
9.6 -0.174327
9.65 -0.223323
9.7 -0.271761
9.75 -0.319519
9.8 -0.366479
9.85 -0.412523
9.9 -0.457536
9.95 -0.501405
10 -0.544021
10.05 -0.585277
10.1 -0.625071
10.15 -0.663302
10.2 -0.699875
10.25 -0.734698
10.3 -0.767686
10.35 -0.798754
10.4 -0.827826
10.45 -0.854829
10.5 -0.879696
10.55 -0.902363
10.6 -0.922775
10.65 -0.940881
10.7 -0.956635
10.75 -0.969998
10.8 -0.980936
10.85 -0.989423
10.9 -0.995436
10.95 -0.998962
11 -0.99999
11.05 -0.998519
11.1 -0.994553
11.15 -0.9881
11.2 -0.979178
11.25 -0.967808
11.3 -0.954019
11.35 -0.937846
11.4 -0.919329
11.45 -0.898513
11.5 -0.875452
11.55 -0.850203
11.6 -0.822829
11.65 -0.793398
11.7 -0.761984
11.75 -0.728665
11.8 -0.693525
11.85 -0.656652
11.9 -0.618137
11.95 -0.578077
12 -0.536573
12.05 -0.493727
12.1 -0.449647
12.15 -0.404444
12.2 -0.358229
12.25 -0.311119
12.3 -0.263232
12.35 -0.214686
12.4 -0.165604
12.45 -0.116108
12.5 -0.0663219
12.55 -0.0163699
12.6 0.033623
12.65 0.0835319
12.7 0.133232
12.75 0.182599
12.8 0.23151
12.85 0.279842
12.9 0.327474
12.95 0.374289
13 0.420167
13.05 0.464995
13.1 0.508661
13.15 0.551056
13.2 0.592074
13.25 0.631611
13.3 0.66957
13.35 0.705855
13.4 0.740376
13.45 0.773046
13.5 0.803784
13.55 0.832514
13.6 0.859162
13.65 0.883663
13.7 0.905955
13.75 0.925982
13.8 0.943696
13.85 0.95905
13.9 0.972008
13.95 0.982535
14 0.990607
14.05 0.996203
14.1 0.999309
14.15 0.999918
14.2 0.998027
14.25 0.993641
14.3 0.986772
14.35 0.977436
14.4 0.965658
14.45 0.951466
14.5 0.934895
14.55 0.915988
14.6 0.894791
14.65 0.871358
14.7 0.845747
14.75 0.818022
14.8 0.788252
14.85 0.756512
14.9 0.722881
14.95 0.687444
15 0.650288
15.05 0.611507
15.1 0.571197
15.15 0.529459
15.2 0.486399
15.25 0.442122
15.3 0.396741
15.35 0.350367
15.4 0.303118
15.45 0.255112
15.5 0.206467
15.55 0.157307
15.6 0.107754
15.65 0.0579308
15.7 0.00796318
15.75 -0.0420244
15.8 -0.0919069
15.85 -0.14156
15.9 -0.190859
15.95 -0.23968
16 -0.287903
16.05 -0.335407
16.1 -0.382071
16.15 -0.427781
16.2 -0.472422
16.25 -0.515882
16.3 -0.558052
16.35 -0.598828
16.4 -0.638107
16.45 -0.675791
16.5 -0.711785
16.55 -0.746001
16.6 -0.778352
16.65 -0.808758
16.7 -0.837142
16.75 -0.863433
16.8 -0.887567
16.85 -0.909482
16.9 -0.929124
16.95 -0.946444
17 -0.961397
17.05 -0.973948
17.1 -0.984065
17.15 -0.991722
17.2 -0.9969
17.25 -0.999586
17.3 -0.999774
17.35 -0.997463
17.4 -0.992659
17.45 -0.985374
17.5 -0.975626
17.55 -0.963439
17.6 -0.948844
17.65 -0.931878
17.7 -0.912582
17.75 -0.891006
17.8 -0.867202
17.85 -0.841231
17.9 -0.813157
17.95 -0.783051
18 -0.750987
18.05 -0.717047
18.1 -0.681314
18.15 -0.643878
18.2 -0.604833
18.25 -0.564276
18.3 -0.522309
18.35 -0.479036
18.4 -0.434566
18.45 -0.389009
18.5 -0.342481
18.55 -0.295096
18.6 -0.246974
18.65 -0.198234
18.7 -0.148999
18.75 -0.0993915
18.8 -0.0495356
18.85 0.000444078
18.9 0.0504227
18.95 0.100275
19 0.149877
19.05 0.199105
19.1 0.247834
19.15 0.295944
19.2 0.343315
19.25 0.389827
19.3 0.435365
19.35 0.479815
19.4 0.523066
19.45 0.565009
19.5 0.60554
19.55 0.644557
19.6 0.681964
19.65 0.717665
19.7 0.751573
19.75 0.783603
19.8 0.813674
19.85 0.841711
19.9 0.867644
19.95 0.891409
20 0.912945
20.05 0.9322
20.1 0.949125
20.15 0.963677
20.2 0.975821
20.25 0.985525
20.3 0.992766
20.35 0.997526
20.4 0.999793
20.45 0.999561
20.5 0.99683
20.55 0.991607
20.6 0.983907
20.65 0.973747
20.7 0.961153
20.75 0.946156
20.8 0.928795
20.85 0.909113
20.9 0.887158
20.95 0.862985
21 0.836656
21.05 0.808235
21.1 0.777794
21.15 0.745409
21.2 0.711161
21.25 0.675136
21.3 0.637423
21.35 0.598116
21.4 0.557315
21.45 0.515121
21.5 0.471639
21.55 0.426978
21.6 0.38125
21.65 0.33457
21.7 0.287053
21.75 0.238818
21.8 0.189987
21.85 0.14068
21.9 0.0910224
21.95 0.041137
22 -0.00885131
22.05 -0.0588175
22.1 -0.108637
22.15 -0.158184
22.2 -0.207336
22.25 -0.25597
22.3 -0.303965
22.35 -0.351199
22.4 -0.397556
22.45 -0.442919
22.5 -0.487175
22.55 -0.530213
22.6 -0.571926
22.65 -0.612209
22.7 -0.650962
22.75 -0.688088
22.8 -0.723495
22.85 -0.757093
22.9 -0.788798
22.95 -0.818532
23 -0.84622
23.05 -0.871793
23.1 -0.895187
23.15 -0.916344
23.2 -0.93521
23.25 -0.951738
23.3 -0.965888
23.35 -0.977624
23.4 -0.986916
23.45 -0.993741
23.5 -0.998082
23.55 -0.999929
23.6 -0.999276
23.65 -0.996126
23.7 -0.990486
23.75 -0.98237
23.8 -0.971798
23.85 -0.958798
23.9 -0.943401
23.95 -0.925647
24 -0.905578
24.05 -0.883247
24.1 -0.858707
24.15 -0.832021
24.2 -0.803256
24.25 -0.772483
24.3 -0.739779
24.35 -0.705226
24.4 -0.66891
24.45 -0.630922
24.5 -0.591358
24.55 -0.550315
24.6 -0.507897
24.65 -0.464209
24.7 -0.419361
24.75 -0.373465
24.8 -0.326635
24.85 -0.278989
24.9 -0.230646
24.95 -0.181726
25 -0.132352
